0
1
2
90
91
76
77
47
87
84
83
75
88
80
140
71
89
85
72
64
86
70
50
66
106
65
78
67
95
74
96
49
139
94
81
63
129
82
138
93
60
51
92
48
79
130
54
110
105
122
143
44
128
100
39
52
145
68
53
73
69
107
62
144
57
45
46
149
160
123
131
59
126
99
108
104
157
152
56
55
42
61
194
141
147
177
38
150
41
37
137
97
170
115
134
125
142
161
159
43
146
153
58
158
113
148
132
136
176
103
155
40
101
171
109
164
114
111
36
167
163
156
112
187
98
195
124
127
151
118
133
32
135
175
197
117
162
35
172
120
154
121
29
178
102
119
193
190
34
165
169
188
168
31
173
30
33
186
182
184
191
185
174
192
28
196
181
189
179
198
116
166
26
180
17
27
23
24
199
183
18
19
21
25
22
20
15
16
14
12
13
9
11
10
7
8
6
5
4
3
