199
112
171
230
289
52
53
349
347
54
111
170
229
288
114
173
232
291
107
166
225
284
343
344
113
172
231
290
109
168
227
286
348
106
165
224
283
49
345
116
175
234
293
342
108
167
226
285
110
169
228
287
57
105
164
223
282
341
350
50
47
48
55
104
163
222
281
340
46
45
56
117
176
235
294
352
351
115
174
233
292
346
118
177
236
295
51
103
162
221
280
339
354
355
44
353
59
119
178
237
296
60
58
64
124
183
242
301
65
123
182
241
300
6
122
181
240
299
4
5
125
184
243
302
63
62
219
278
337
2
127
186
245
304
42
67
120
179
238
297
68
0
1
180
239
298
160
121
97
3
161
100
98
9
66
217
276
335
61
220
279
338
7
41
101
38
40
99
102
158
39
159
126
185
244
303
155
43
129
218
277
336
156
188
247
306
8
215
274
333
10
69
154
216
275
334
213
272
331
157
96
128
187
246
305
214
273
332
37
36
95
11
70
33
210
269
328
151
92
35
12
94
212
271
330
34
189
248
307
153
130
152
211
270
329
93
72
71
131
190
249
308
150
209
268
327
13
91
32
31
90
132
191
250
309
149
208
267
326
14
89
148
73
207
266
325
30
15
133
74
192
251
310
29
147
206
265
324
88
16
75
134
193
252
311
135
194
253
312
146
17
205
264
323
87
76
28
27
86
145
204
263
322
203
262
321
85
144
77
26
136
18
195
254
313
196
255
314
137
19
25
84
143
202
261
320
78
142
201
260
319
83
24
79
197
256
315
138
20
21
82
23
80
141
200
259
318
198
257
316
139
22
81
140
258
317
