50
144
47
142
7
44
105
8
9
45
104
106
6
141
5
102
103
40
51
61
101
62
10
4
31
140
107
138
100
43
11
41
99
137
136
3
2
108
96
95
109
12
60
39
129
59
110
1
38
13
135
130
111
0
14
112
15
120
22
121
26
17
42
18
91
125
27
94
123
36
117
115
37
35
124
24
119
116
23
139
16
28
25
134
113
143
19
58
21
122
114
64
90
132
29
65
20
33
118
63
133
68
92
67
93
126
34
86
83
57
84
131
30
85
69
66
46
70
127
89
32
88
87
80
97
79
81
82
52
98
128
78
75
74
73
72
76
55
71
145
77
54
48
56
146
49
53
148
149
203
201
200
270
271
269
272
202
264
231
267
158
198
268
159
273
199
274
266
249
230
206
193
192
204
275
157
276
197
205
207
247
265
196
263
156
277
208
209
290
216
291
289
278
225
262
284
222
246
155
280
221
220
279
188
210
282
285
286
189
187
287
281
217
233
283
223
218
244
190
288
234
211
213
219
214
292
238
162
212
165
226
191
154
235
224
215
183
250
236
229
261
293
166
180
260
164
181
167
182
194
161
160
185
163
186
184
243
228
294
251
195
237
256
177
227
179
245
259
178
176
258
175
242
248
257
252
255
232
241
171
254
170
169
253
172
240
173
174
153
152
168
239
151
150
147
