90
7
6
0
9
40
1
23
8
84
21
26
11
22
2
12
5
10
83
20
15
71
81
80
37
14
79
78
32
39
4
3
27
13
38
25
34
33
82
72
19
35
75
76
36
77
28
18
24
73
46
31
48
74
47
45
43
44
17
42
49
30
29
41
16
67
50
66
52
51
62
68
63
59
64
61
69
65
53
58
55
60
70
57
54
56
91
145
144
100
101
146
143
160
102
139
158
148
85
99
163
98
142
147
97
159
149
157
135
140
136
103
141
174
151
130
150
169
134
104
131
152
132
162
172
171
105
133
123
164
170
156
126
124
106
125
129
128
108
127
173
107
110
120
121
165
109
161
122
155
119
118
168
154
137
167
166
138
153
113
112
114
95
111
115
94
116
86
92
117
88
96
93
87
89
198
199
321
251
320
252
210
270
208
354
192
266
315
177
246
205
206
191
339
256
193
209
257
337
316
267
254
323
283
207
243
271
324
250
336
319
325
353
268
187
188
190
285
259
284
352
318
258
328
326
238
242
248
247
249
176
317
340
350
186
281
240
264
351
263
334
282
346
175
341
278
272
241
277
212
239
279
349
189
348
333
269
327
347
244
211
231
262
185
230
180
215
280
233
335
236
184
178
213
216
214
235
183
217
234
179
237
232
276
228
332
229
338
273
194
182
227
345
265
342
253
255
292
225
291
290
226
204
181
293
288
245
261
322
289
344
287
331
275
294
274
286
343
330
296
295
311
312
306
307
297
313
304
310
314
308
220
300
202
298
302
260
203
303
299
305
222
219
221
309
301
223
329
224
218
201
200
195
196
197
