132
89
127
5
66
147
50
14
3
113
101
216
43
172
70
161
0
62
130
47
71
139
37
85
78
28
39
1
82
96
105
201
21
8
11
157
182
110
210
46
48
27
214
84
188
120
124
111
2
4
6
7
9
10
12
13
15
16
17
18
19
20
22
23
24
25
26
29
30
31
32
33
34
35
36
38
40
41
42
44
45
49
51
52
53
54
55
56
57
58
59
60
61
63
64
65
67
68
69
72
73
74
75
76
77
79
80
81
83
86
87
88
90
91
92
93
94
95
97
98
99
100
102
103
104
106
107
108
109
112
114
115
116
117
118
119
121
122
123
125
126
128
129
131
133
134
135
136
137
138
140
141
142
143
144
145
146
148
149
150
151
152
153
154
155
156
158
159
160
162
163
164
165
166
167
168
169
170
171
173
174
175
176
177
178
179
180
181
183
184
185
186
187
189
190
191
192
193
194
195
196
197
198
199
200
202
203
204
205
206
207
208
209
211
212
213
215
217
218
219
