11
131
122
132
150
116
117
127
138
130
155
121
154
146
120
114
125
136
137
118
129
135
134
124
115
147
119
126
145
112
151
148
139
156
153
123
149
152
111
133
141
113
128
144
110
140
143
142
108
107
106
104
109
105
103
102
101
98
100
99
97
95
94
96
93
42
44
39
51
50
62
33
56
46
45
58
55
32
61
59
34
60
57
63
38
47
37
64
29
30
31
36
35
54
43
53
41
40
49
48
52
26
90
182
27
91
183
28
92
184
24
88
180
25
89
181
22
86
178
21
85
177
23
87
179
20
84
176
2
66
158
0
1
65
157
19
83
175
18
82
174
3
67
159
17
81
173
16
80
172
4
68
160
5
69
161
7
71
163
6
70
162
15
79
171
14
78
170
8
72
164
9
73
165
10
74
166
13
77
169
12
76
168
75
167
