120
6
265
246
676
52
100
438
170
101
102
437
103
53
3
4
392
388
439
54
56
436
99
390
98
434
7
50
104
5
51
8
440
55
389
387
0
2
391
435
1
386
21
443
397
13
20
58
445
12
10
11
107
61
22
442
444
395
57
441
393
108
394
396
59
60
9
106
109
105
23
18
19
24
418
417
380
111
411
80
110
82
79
415
410
93
94
88
28
378
81
83
432
416
433
87
381
95
409
89
86
92
407
90
408
431
429
424
423
406
382
430
84
91
96
405
78
419
39
85
425
413
112
420
26
97
25
31
379
404
77
40
358
412
414
30
41
428
421
360
357
359
356
76
361
426
355
422
27
73
75
42
29
74
44
72
427
71
354
385
43
362
402
403
366
384
367
383
376
49
364
365
363
45
48
374
47
398
46
377
400
375
372
368
401
14
399
371
373
15
38
16
62
369
370
37
36
35
64
63
33
34
65
32
66
70
67
17
69
68
123
122
113
116
119
115
121
117
114
118
137
145
149
148
150
151
147
152
169
146
167
168
155
156
153
157
154
144
143
142
141
140
139
138
158
159
163
129
128
125
126
124
127
131
130
132
133
134
161
166
162
160
135
164
165
136
179
180
264
196
266
296
263
295
267
291
294
292
262
293
290
268
271
274
273
301
272
269
270
298
299
300
297
282
281
286
275
284
277
279
276
280
287
278
285
289
283
288
307
306
305
303
302
304
334
341
343
244
198
247
243
194
340
195
342
199
248
200
261
344
197
245
260
338
339
242
259
347
250
205
252
202
251
203
171
253
345
204
249
201
349
348
346
221
235
233
222
223
220
234
224
172
232
225
210
209
211
214
208
207
213
226
206
219
229
239
230
215
212
228
231
217
218
330
236
216
238
237
227
240
329
193
328
192
331
186
190
332
191
178
333
241
189
351
184
185
350
173
324
352
353
320
174
326
183
258
256
325
327
257
254
323
255
319
315
177
318
188
316
322
187
175
176
321
317
310
313
336
314
335
337
309
311
308
312
181
182
472
485
484
630
629
531
533
631
483
675
628
627
536
534
581
487
584
535
579
679
488
582
532
486
680
677
678
482
580
714
583
626
632
530
674
578
609
587
489
635
538
685
492
633
491
636
541
585
490
537
637
540
589
586
681
493
634
682
684
683
539
588
494
716
510
495
599
511
570
509
508
569
568
673
496
672
507
506
622
621
516
449
548
505
504
545
452
547
604
546
620
618
600
550
658
624
454
549
566
475
623
544
602
448
512
607
450
453
601
619
713
567
646
712
720
652
451
645
650
649
517
648
606
651
647
457
610
603
455
543
659
460
459
456
558
643
462
458
557
560
526
542
561
721
513
461
559
477
446
479
480
715
695
528
515
616
702
481
478
590
665
644
696
692
660
655
447
691
662
701
698
689
642
598
524
525
594
688
514
690
697
700
693
617
592
527
699
593
597
638
529
709
687
591
596
612
639
654
703
625
571
661
669
595
572
498
717
499
497
521
708
664
706
502
663
694
501
613
710
562
503
711
671
563
686
653
707
640
608
500
611
520
670
614
615
564
522
718
573
667
704
518
468
641
469
519
666
668
575
577
467
576
605
565
574
473
719
466
464
523
465
705
657
656
463
474
476
471
470
556
554
555
552
553
551
