120
55
53
54
7
6
8
100
99
56
21
102
52
51
101
4
5
104
98
1
103
50
22
20
3
0
2
19
109
18
23
107
80
61
108
106
60
11
58
105
57
59
9
79
24
82
13
10
12
81
83
78
88
87
84
90
86
89
77
91
76
85
94
75
93
28
95
73
92
72
26
74
111
25
71
31
30
39
41
40
27
29
42
44
43
47
48
49
45
15
62
46
14
16
38
64
63
36
65
37
66
33
34
32
67
35
70
68
69
17
128
125
96
129
126
127
132
110
124
130
97
131
133
123
112
134
122
116
113
121
135
118
117
115
119
114
137
145
170
148
150
149
147
152
151
146
169
168
167
155
156
157
171
153
154
144
142
143
172
141
140
139
163
138
158
159
178
161
173
162
174
166
160
177
175
164
176
165
136
179
180
181
