120
102
52
101
100
4
6
53
54
7
5
51
103
98
55
50
56
8
1
0
3
99
2
104
13
57
61
11
60
108
105
59
12
10
9
107
58
21
109
106
20
22
18
19
23
24
80
82
79
111
83
81
88
87
86
89
93
90
94
84
91
78
95
28
110
85
92
77
96
26
31
25
39
76
112
30
73
97
40
75
72
74
41
71
27
29
42
44
43
49
47
48
45
46
14
15
38
62
16
37
36
35
64
63
65
34
33
66
32
70
67
69
17
68
129
128
125
126
124
127
130
131
123
122
113
116
121
119
115
117
114
118
137
145
150
148
149
147
151
146
152
170
157
156
155
153
169
154
167
168
171
144
172
143
142
140
141
139
138
163
158
159
132
173
133
161
174
134
162
166
177
175
160
176
135
164
165
136
179
180
265
264
245
266
294
197
246
196
199
296
243
263
267
293
198
292
244
291
247
262
261
200
295
195
268
260
194
248
290
242
259
271
301
297
274
273
269
272
205
203
270
250
201
252
299
204
253
249
298
251
202
300
221
222
223
233
235
220
224
234
232
225
282
210
209
211
207
208
213
214
206
226
229
239
219
281
230
215
228
217
231
218
212
236
216
237
240
227
193
192
238
191
190
286
241
178
186
189
275
184
185
279
284
277
276
258
280
256
257
315
254
183
255
278
287
283
188
285
187
310
289
307
288
314
313
309
311
306
308
305
312
181
303
302
304
334
339
341
340
342
343
338
344
348
347
345
349
346
330
329
328
331
358
332
360
359
357
356
355
333
361
324
351
350
352
353
354
320
326
323
319
325
327
316
318
322
317
321
336
335
337
182
