120
101
53
29
5
76
30
78
52
51
6
77
28
55
4
7
32
80
54
79
3
75
31
8
27
56
26
50
74
1
2
35
11
83
33
9
59
12
36
0
82
84
34
60
10
57
81
58
61
37
85
13
21
20
19
22
23
18
24
88
87
86
89
39
40
41
25
42
71
44
73
72
43
15
47
49
48
45
46
14
16
62
38
64
63
65
66
67
70
69
68
17
124
102
99
125
127
126
123
100
103
128
104
122
98
107
131
132
108
106
130
129
105
109
133
90
91
94
93
95
111
92
96
110
97
112
134
116
118
113
117
119
115
121
114
135
137
145
173
149
174
148
151
150
172
175
152
147
171
176
146
170
179
155
156
178
177
153
154
180
181
157
169
167
168
144
143
142
140
141
139
163
138
158
166
159
161
162
160
164
165
136
