120
263
264
52
262
220
268
75
267
28
4
51
76
3
196
265
292
315
219
27
291
77
269
243
245
244
195
296
29
53
5
2
197
293
54
272
295
271
221
50
266
26
314
74
6
218
198
300
242
290
261
297
222
7
299
78
30
31
246
248
79
194
200
276
55
80
275
199
223
0
270
8
32
1
273
56
247
298
274
301
224
277
294
260
259
59
229
226
180
58
227
202
179
57
203
252
9
83
13
60
251
205
228
82
249
11
34
84
36
10
85
225
250
178
201
204
81
35
181
33
12
253
61
37
21
20
22
19
18
24
23
234
233
235
232
282
213
210
214
209
207
208
217
211
206
215
212
216
281
239
237
230
231
236
39
192
286
193
191
238
240
190
40
186
25
41
241
184
42
185
189
44
283
256
183
73
279
254
284
255
257
258
71
72
43
280
285
278
188
287
307
289
187
46
288
49
313
47
14
45
48
310
15
311
309
16
308
38
305
62
312
306
63
302
64
65
303
66
17
304
67
70
68
69
124
123
99
100
125
101
122
126
102
98
127
104
128
103
131
105
107
108
106
130
109
129
111
110
88
87
93
86
89
90
95
91
94
92
96
112
97
121
113
116
119
117
115
118
114
137
145
148
171
172
147
149
173
150
146
174
170
152
151
176
175
177
155
132
154
157
156
153
133
167
169
168
144
143
142
140
141
139
138
163
158
159
166
161
134
160
162
164
135
165
136
334
339
340
341
316
317
343
344
320
345
338
321
325
319
324
347
323
318
349
348
342
322
346
330
360
358
331
328
329
361
359
357
332
333
356
355
351
350
352
353
327
326
354
336
337
335
182
