0
1
2
140
76
91
90
87
71
75
207
106
251
236
64
84
152
72
83
77
92
254
252
82
229
239
228
158
160
105
110
80
138
89
159
213
50
246
255
128
153
149
85
47
233
69
230
111
156
137
107
237
65
164
208
79
144
88
94
227
242
70
143
95
194
78
66
250
170
234
177
161
148
163
220
145
139
130
93
99
61
86
104
150
147
122
62
126
157
96
212
63
123
113
141
108
222
49
245
162
221
184
81
57
67
248
188
60
109
253
256
73
68
118
155
172
231
196
151
125
190
204
218
97
217
195
134
129
51
100
168
249
244
171
74
219
193
203
114
165
247
235
178
54
166
169
226
136
102
243
52
98
131
127
175
112
101
202
124
53
167
257
241
209
58
223
201
187
215
142
115
232
176
121
173
200
59
205
191
216
120
182
119
103
154
180
214
48
146
45
55
46
186
117
261
199
132
39
258
225
206
185
211
210
260
116
133
197
174
259
56
181
192
238
189
240
44
183
36
224
198
135
179
42
262
35
37
30
38
40
43
31
32
20
25
41
33
263
29
26
24
19
27
18
34
28
23
22
21
16
17
264
15
265
14
12
269
266
13
267
271
270
268
11
9
273
10
272
7
8
6
275
274
5
4
3
276
277
278
279
280
281
282
283
284
285
286
287
288
289
290
291
292
293
294
295
296
297
298
299
300
301
302
303
416
420
415
554
419
508
418
407
427
428
384
421
512
511
383
385
426
417
351
509
423
520
425
410
390
371
408
413
409
525
522
382
524
340
507
424
381
519
342
484
521
411
422
350
414
412
380
386
533
581
372
553
343
347
355
580
352
532
387
526
578
552
344
577
348
395
406
579
483
523
341
506
517
369
510
349
405
513
527
537
356
339
529
534
576
586
345
403
592
370
378
374
389
535
346
528
401
360
485
353
516
575
368
392
396
551
530
362
402
357
377
588
587
546
443
469
375
531
391
379
373
487
591
536
376
446
541
397
364
540
503
518
505
429
515
486
388
590
474
398
538
539
394
447
584
400
555
444
477
547
502
359
582
393
504
585
544
442
404
589
445
365
363
472
574
498
501
514
545
542
354
367
361
499
489
549
366
465
482
500
550
461
548
488
358
399
573
468
543
473
497
490
495
496
464
326
570
463
467
475
481
569
478
316
456
572
460
338
466
476
337
327
491
470
452
583
462
494
448
328
335
556
492
471
571
432
568
450
479
457
430
336
325
493
433
315
451
459
458
454
455
449
480
434
441
324
317
438
567
565
566
323
440
593
334
318
439
330
557
329
453
332
437
431
322
564
563
594
562
560
561
559
597
331
333
319
321
558
599
435
314
595
436
596
320
598
313
312
311
305
310
306
307
309
308
304
